# phase angle (deg) | RV shift (km/s)
1.785000000000000142e+01 -1.350000000000000000e+01
1.636250000000000071e+01 -1.134000000000000341e+01
1.487500000000000178e+01 -9.899999999999998579e+00
1.338750000000000107e+01 -8.820000000000000284e+00
1.190000000000000213e+01 -8.100000000000001421e+00
1.041250000000000142e+01 -8.100000000000001421e+00
8.925000000000000711e+00 -8.100000000000001421e+00
7.437500000000001776e+00 -7.740000000000001990e+00
5.950000000000001066e+00 -7.740000000000001990e+00
4.462500000000000355e+00 -2.700000000000002842e+00
2.975000000000001421e+00 -2.340000000000003411e+00
1.487500000000000711e+00 -1.980000000000003979e+00
0.000000000000000000e+00 -1.620000000000004547e+00
-1.487500000000000711e+00 -1.260000000000008669e+00
-2.974999999999997868e+00 -1.260000000000008669e+00
-4.462499999999998579e+00 -8.999999999999985789e-01
-5.949999999999999289e+00 -8.999999999999985789e-01
-7.437500000000000000e+00 -5.399999999999991473e-01
-8.925000000000000711e+00 -5.399999999999991473e-01
-1.041249999999999787e+01 -1.799999999999997158e-01
-1.189999999999999858e+01 -1.799999999999997158e-01
-1.338749999999999929e+01 1.799999999999997158e-01
-1.487500000000000000e+01 8.999999999999985789e-01
-1.636249999999999716e+01 2.699999999999995737e+00
-1.785000000000000142e+01 4.500000000000000000e+00
